21,22 
0,3
1,2,5
36,37,39,42
7
46,47,49
9,12
45,48
52,53,57
14,15,19,20,23
16,17,18 
4,6,10,11
24
26,29,30,31
8,13
32,33
40
41,43
44
50,56,59
34,35,38
51,54
25,27,28
55,58
60,72
66,75,76
61,73,77
67,78
64,65
70
62,74
71
68,79
63,69
80,81
82
83
84,85
86,87,91
88,89,90
92,94
96,98
93,97
95,99
100,105
103
101,102,106
104,107
108,132
120,144
109,133,151
121,145
110,134
122
111,135,157
123,146
112,136,158
124,152
113,137,159
125,147
114,138,160
126
115,139,153
127,148
116,140
128,161,162
117,141
129,149,154
118,142
130
119,143,155
131,150,156
163,179
170,187
164,180,197
171,188
165,181,198
172,189
166,182
173,190
167,183
174
168,184
175,191,199
169,185
176,192,202
177,186,203
178,193
194,200
195
196,201